,GRFRBoost_featiid_upSWIM_linesearchFalse_freezeTrue
spect,0.885643809827208
