,GRFRBoost_featSWIM_upidentity_linesearchFalse_freezeTrue
heart_h,0.956403287449565
