,GRFRBoost_featSWIM_upSWIM_linesearchFalse_freezeTrue
analcatdata_cyyoung8092,0.9446215986394558
